reading=0.007168
convolution_native=1.0655
convolution_matlab=0.027887
nonlinear_native=0.8183
matlab_startup=3.211
platform=PCWIN64
platform_maxsize=281474976710655
platform_endian=L
