reading=0.0064468
convolution_native=0.94302
convolution_matlab=0.029723
nonlinear_native=0.7323
matlab_startup=3.2253
platform=PCWIN64
platform_maxsize=281474976710655
platform_endian=L
