reading=0.0061135
convolution_native=0.87466
convolution_matlab=0.022107
nonlinear_native=0.69127
matlab_startup=8.8867
platform=PCWIN64
platform_maxsize=281474976710655
platform_endian=L
