reading=0.0074343
convolution_native=1.0728
convolution_matlab=0.018484
nonlinear_native=0.83193
matlab_startup=6.2913
platform=PCWIN64
platform_maxsize=281474976710655
platform_endian=L
