reading=0.0064166
convolution_native=1.3353
convolution_matlab=0.037301
nonlinear_native=0.80898
matlab_startup=2.8726
platform=GLNXA64
platform_maxsize=281474976710655
platform_endian=L
