reading=0.010614
convolution_native=1.5924
convolution_matlab=0.15744
nonlinear_native=1.2926
matlab_startup=7.9077
platform=GLNXA64
platform_maxsize=281474976710655
platform_endian=L
