reading=0.0055457
convolution_native=0.81514
convolution_matlab=0.024215
nonlinear_native=0.66011
matlab_startup=2.3849
platform=GLNXA64
platform_maxsize=281474976710655
platform_endian=L
